206,80774829246445     0 0 1 1 1 1 1 1 0 1 1 1 0 0 0 1 0 0 1 0 1 1 1 1 0 0 0 1 0 1 0 0 1 1 1 0 1 0 0 0 
206,80774829246445     0 0 1 1 1 1 1 1 0 1 1 1 0 0 0 1 0 0 1 0 1 1 1 1 0 0 0 1 0 1 0 0 1 1 1 0 1 0 0 0 
206,80774829246445     0 0 1 1 1 1 1 1 0 1 1 1 0 0 0 1 0 0 1 0 1 1 1 1 0 0 0 1 0 1 0 0 1 1 1 0 1 0 0 0 
206,80774829246445     0 0 1 1 1 1 1 1 0 1 1 1 0 0 0 1 0 0 1 0 1 1 1 1 0 0 0 1 0 1 0 0 1 1 1 0 1 0 0 0 
213,58190572164375     0 1 0 1 1 1 1 1 0 1 0 1 0 0 0 0 0 0 1 0 1 1 1 1 0 0 0 1 0 0 0 1 1 1 1 0 1 0 0 0 
238,10323591982979     0 0 1 1 1 1 1 1 0 1 1 1 0 0 1 0 0 0 1 1 1 1 1 1 0 0 0 1 0 0 0 0 1 1 1 0 1 0 0 0 
238,10323591982979     0 0 1 1 1 1 1 1 0 1 1 1 0 0 1 0 0 0 1 1 1 1 1 1 0 0 0 1 0 0 0 0 1 1 1 0 1 0 0 0 
238,10323591982979     0 0 1 1 1 1 1 1 0 1 1 1 0 0 1 0 0 0 1 1 1 1 1 1 0 0 0 1 0 0 0 0 1 1 1 0 1 0 0 0 
238,10323591982979     0 0 1 1 1 1 1 1 0 1 1 1 0 0 1 0 0 0 1 1 1 1 1 1 0 0 0 1 0 0 0 0 1 1 1 0 1 0 0 0 
238,10323591982979     0 0 1 1 1 1 1 1 0 1 1 1 0 0 1 0 0 0 1 1 1 1 1 1 0 0 0 1 0 0 0 0 1 1 1 0 1 0 0 0 
247,22875377897213     0 1 1 1 1 1 1 1 0 1 0 1 0 0 1 1 0 0 1 0 1 1 1 1 0 0 0 1 0 0 0 0 0 0 1 0 1 0 0 0 
254,7307132459971     0 0 1 1 1 1 1 1 0 1 1 1 1 0 1 1 0 0 1 1 1 1 1 1 0 0 0 1 0 0 1 0 1 1 1 1 1 0 0 1 
254,7307132459971     0 0 1 1 1 1 1 1 0 1 1 1 1 0 1 1 0 0 1 1 1 1 1 1 0 0 0 1 0 0 1 0 1 1 1 1 1 0 0 1 
254,7307132459971     0 0 1 1 1 1 1 1 0 1 1 1 1 0 1 1 0 0 1 1 1 1 1 1 0 0 0 1 0 0 1 0 1 1 1 1 1 0 0 1 
254,7307132459971     0 0 1 1 1 1 1 1 0 1 1 1 1 0 1 1 0 0 1 1 1 1 1 1 0 0 0 1 0 0 1 0 1 1 1 1 1 0 0 1 
295,87952077035044     1 0 0 1 1 1 1 1 0 1 0 1 0 0 0 1 0 0 1 1 1 1 1 1 0 0 0 0 0 1 0 0 1 1 1 1 1 0 0 0 
295,87952077035044     1 0 0 1 1 1 1 1 0 1 0 1 0 0 0 1 0 0 1 1 1 1 1 1 0 0 0 0 0 1 0 0 1 1 1 1 1 0 0 0 
295,87952077035044     1 0 0 1 1 1 1 1 0 1 0 1 0 0 0 1 0 0 1 1 1 1 1 1 0 0 0 0 0 1 0 0 1 1 1 1 1 0 0 0 
295,87952077035044     1 0 0 1 1 1 1 1 0 1 0 1 0 0 0 1 0 0 1 1 1 1 1 1 0 0 0 0 0 1 0 0 1 1 1 1 1 0 0 0 
295,87952077035044     1 0 0 1 1 1 1 1 0 1 0 1 0 0 0 1 0 0 1 1 1 1 1 1 0 0 0 0 0 1 0 0 1 1 1 1 1 0 0 0 
295,87952077035044     1 0 0 1 1 1 1 1 0 1 0 1 0 0 0 1 0 0 1 1 1 1 1 1 0 0 0 0 0 1 0 0 1 1 1 1 1 0 0 0 
295,87952077035044     1 0 0 1 1 1 1 1 0 1 0 1 0 0 0 1 0 0 1 1 1 1 1 1 0 0 0 0 0 1 0 0 1 1 1 1 1 0 0 0 
301,925876161684     1 0 0 1 1 1 1 1 0 1 0 1 0 0 0 0 0 1 1 0 1 1 1 1 0 0 0 1 0 0 0 0 1 1 0 0 1 0 0 1 
301,925876161684     1 0 0 1 1 1 1 1 0 1 0 1 0 0 0 0 0 1 1 0 1 1 1 1 0 0 0 1 0 0 0 0 1 1 0 0 1 0 0 1 
301,925876161684     1 0 0 1 1 1 1 1 0 1 0 1 0 0 0 0 0 1 1 0 1 1 1 1 0 0 0 1 0 0 0 0 1 1 0 0 1 0 0 1 
301,925876161684     1 0 0 1 1 1 1 1 0 1 0 1 0 0 0 0 0 1 1 0 1 1 1 1 0 0 0 1 0 0 0 0 1 1 0 0 1 0 0 1 
301,925876161684     1 0 0 1 1 1 1 1 0 1 0 1 0 0 0 0 0 1 1 0 1 1 1 1 0 0 0 1 0 0 0 0 1 1 0 0 1 0 0 1 
301,925876161684     1 0 0 1 1 1 1 1 0 1 0 1 0 0 0 0 0 1 1 0 1 1 1 1 0 0 0 1 0 0 0 0 1 1 0 0 1 0 0 1 
301,925876161684     1 0 0 1 1 1 1 1 0 1 0 1 0 0 0 0 0 1 1 0 1 1 1 1 0 0 0 1 0 0 0 0 1 1 0 0 1 0 0 1 
301,925876161684     1 0 0 1 1 1 1 1 0 1 0 1 0 0 0 0 0 1 1 0 1 1 1 1 0 0 0 1 0 0 0 0 1 1 0 0 1 0 0 1 
301,925876161684     1 0 0 1 1 1 1 1 0 1 0 1 0 0 0 0 0 1 1 0 1 1 1 1 0 0 0 1 0 0 0 0 1 1 0 0 1 0 0 1 
301,925876161684     1 0 0 1 1 1 1 1 0 1 0 1 0 0 0 0 0 1 1 0 1 1 1 1 0 0 0 1 0 0 0 0 1 1 0 0 1 0 0 1 
301,925876161684     1 0 0 1 1 1 1 1 0 1 0 1 0 0 0 0 0 1 1 0 1 1 1 1 0 0 0 1 0 0 0 0 1 1 0 0 1 0 0 1 
301,925876161684     1 0 0 1 1 1 1 1 0 1 0 1 0 0 0 0 0 1 1 0 1 1 1 1 0 0 0 1 0 0 0 0 1 1 0 0 1 0 0 1 
301,925876161684     1 0 0 1 1 1 1 1 0 1 0 1 0 0 0 0 0 1 1 0 1 1 1 1 0 0 0 1 0 0 0 0 1 1 0 0 1 0 0 1 
301,925876161684     1 0 0 1 1 1 1 1 0 1 0 1 0 0 0 0 0 1 1 0 1 1 1 1 0 0 0 1 0 0 0 0 1 1 0 0 1 0 0 1 
301,925876161684     1 0 0 1 1 1 1 1 0 1 0 1 0 0 0 0 0 1 1 0 1 1 1 1 0 0 0 1 0 0 0 0 1 1 0 0 1 0 0 1 
301,925876161684     1 0 0 1 1 1 1 1 0 1 0 1 0 0 0 0 0 1 1 0 1 1 1 1 0 0 0 1 0 0 0 0 1 1 0 0 1 0 0 1 
302,8216325159557     0 0 0 1 1 1 1 0 0 1 0 1 0 0 0 1 0 0 1 0 1 1 1 1 0 0 0 0 0 0 0 0 0 1 0 1 1 0 0 1 
337,47620647183965     0 0 1 1 1 1 1 1 0 1 0 1 0 1 0 1 0 1 1 1 1 1 1 1 0 0 0 1 0 0 0 0 1 0 1 0 1 0 0 0 
337,47620647183965     0 0 1 1 1 1 1 1 0 1 0 1 0 1 0 1 0 1 1 1 1 1 1 1 0 0 0 1 0 0 0 0 1 0 1 0 1 0 0 0 
337,47620647183965     0 0 1 1 1 1 1 1 0 1 0 1 0 1 0 1 0 1 1 1 1 1 1 1 0 0 0 1 0 0 0 0 1 0 1 0 1 0 0 0 
337,47620647183965     0 0 1 1 1 1 1 1 0 1 0 1 0 1 0 1 0 1 1 1 1 1 1 1 0 0 0 1 0 0 0 0 1 0 1 0 1 0 0 0 
337,47620647183965     0 0 1 1 1 1 1 1 0 1 0 1 0 1 0 1 0 1 1 1 1 1 1 1 0 0 0 1 0 0 0 0 1 0 1 0 1 0 0 0 
337,47620647183965     0 0 1 1 1 1 1 1 0 1 0 1 0 1 0 1 0 1 1 1 1 1 1 1 0 0 0 1 0 0 0 0 1 0 1 0 1 0 0 0 
337,47620647183965     0 0 1 1 1 1 1 1 0 1 0 1 0 1 0 1 0 1 1 1 1 1 1 1 0 0 0 1 0 0 0 0 1 0 1 0 1 0 0 0 
337,47620647183965     0 0 1 1 1 1 1 1 0 1 0 1 0 1 0 1 0 1 1 1 1 1 1 1 0 0 0 1 0 0 0 0 1 0 1 0 1 0 0 0 
337,47620647183965     0 0 1 1 1 1 1 1 0 1 0 1 0 1 0 1 0 1 1 1 1 1 1 1 0 0 0 1 0 0 0 0 1 0 1 0 1 0 0 0 
337,47620647183965     0 0 1 1 1 1 1 1 0 1 0 1 0 1 0 1 0 1 1 1 1 1 1 1 0 0 0 1 0 0 0 0 1 0 1 0 1 0 0 0 
344,02642481245107     1 0 0 1 1 1 1 0 0 1 0 1 0 0 0 1 0 0 1 1 1 1 1 1 0 0 0 1 0 1 0 0 1 1 0 1 1 0 0 1 
344,02642481245107     1 0 0 1 1 1 1 0 0 1 0 1 0 0 0 1 0 0 1 1 1 1 1 1 0 0 0 1 0 1 0 0 1 1 0 1 1 0 0 1 
344,02642481245107     1 0 0 1 1 1 1 0 0 1 0 1 0 0 0 1 0 0 1 1 1 1 1 1 0 0 0 1 0 1 0 0 1 1 0 1 1 0 0 1 
344,02642481245107     1 0 0 1 1 1 1 0 0 1 0 1 0 0 0 1 0 0 1 1 1 1 1 1 0 0 0 1 0 1 0 0 1 1 0 1 1 0 0 1 
344,02642481245107     1 0 0 1 1 1 1 0 0 1 0 1 0 0 0 1 0 0 1 1 1 1 1 1 0 0 0 1 0 1 0 0 1 1 0 1 1 0 0 1 
344,02642481245107     1 0 0 1 1 1 1 0 0 1 0 1 0 0 0 1 0 0 1 1 1 1 1 1 0 0 0 1 0 1 0 0 1 1 0 1 1 0 0 1 
354,8314858358527     1 0 1 1 1 1 1 0 0 1 0 1 0 0 0 1 0 1 1 1 1 1 1 1 0 0 0 1 0 0 0 0 1 0 0 0 1 0 0 1 
354,8314858358527     1 0 1 1 1 1 1 0 0 1 0 1 0 0 0 1 0 1 1 1 1 1 1 1 0 0 0 1 0 0 0 0 1 0 0 0 1 0 0 1 
354,8314858358527     1 0 1 1 1 1 1 0 0 1 0 1 0 0 0 1 0 1 1 1 1 1 1 1 0 0 0 1 0 0 0 0 1 0 0 0 1 0 0 1 
354,8314858358527     1 0 1 1 1 1 1 0 0 1 0 1 0 0 0 1 0 1 1 1 1 1 1 1 0 0 0 1 0 0 0 0 1 0 0 0 1 0 0 1 
354,8314858358527     1 0 1 1 1 1 1 0 0 1 0 1 0 0 0 1 0 1 1 1 1 1 1 1 0 0 0 1 0 0 0 0 1 0 0 0 1 0 0 1 
 
